45 2 2 0.1 200 0.7
77.578051 35.523545 77.758110 26.429029 33.539842 65.089877
25.034333 91.717277 71.211890 86.840419 49.421674 67.806024
40.699484 48.561052 63.277078 0.476089 6.106754 3.689688
19.022187 44.236579 18.594928 4.654073 91.665395 27.243873
84.170049 12.002930 13.861507 58.589434 4.312265 84.994049
66.676840 68.593402 17.615284 69.261757 79.073458 22.730186
20.462661 47.157201 39.381085 99.826044 95.001068 66.447951
71.761223 75.106052 22.412793 12.906278 80.840480 98.794519
9.710990 42.521439 17.648854 10.806604 8.087405 38.874477
69.975890 82.229072 51.017792 11.346782 30.222480 24.158452
90.215766 99.774163 43.980224 54.570147 57.548753 1.153600
70.506912 94.802698 99.514756 21.094394 93.673513 80.547502
6.445509 18.149358 17.899106 54.838710 63.139744 47.819452
14.212470 56.221198 49.147008 35.947752 61.568041 28.351695
69.774468 93.438520 29.544969 7.483139 42.161321 0.762963
82.711264 76.653340 86.376537 99.880978 29.334391 87.081515
57.490768 19.357891 52.296518 34.333323 86.257515 64.662618
92.114017 76.207770 11.236915 34.195990 61.207923 2.429273
32.245857 71.547594 49.784845 29.544969 88.189337 44.422742
51.432844 36.606952 12.436293 91.030610 86.562700 7.348857
68.892483 24.405652 51.841792 94.393750 21.811579 35.422834
14.777062 39.411603 35.071871 1.263466 7.556383 30.869472
13.995788 16.492203 70.125431 25.623341 60.679952 48.655660
61.903745 70.851772 7.263405 30.262154 48.484756 30.359813
0.396741 75.542467 56.392102 22.110660 68.849757 40.833766
2.929777 70.909757 64.137700 9.131138 1.611377 87.224952
54.850917 87.728507 4.455702 90.371410 27.784051 69.670705
12.820826 33.329264 2.734458 9.295938 72.563860 2.038636
1.443525 52.772607 61.040071 66.808069 55.793939 25.962096
86.062197 98.013245 23.273415 0.598163 49.858089 86.654256
-67.766350 86.486404 -41.172521 25.077059 10.776086 97.540208
14.163640 -91.924802 71.410260 16.800439 62.681967 14.291818
-14.627522 13.431196 -51.805170 58.464309 -30.161443 51.676992
30.802332 -98.181097 -83.397931 -70.329905 -4.507584 -48.777734
-80.333872 -78.258614 50.212104 -10.080264 -92.114017 -94.494461
69.676809 -28.757591 -11.069063 -45.072787 -58.952605 6.430250
10.824915 80.693991 67.912839 77.825251 -52.653584 99.090548
88.622700 -91.277810 13.461715 -89.379559 -34.598834 -78.875088
-82.897427 -30.301828 -99.591052 -87.395856 -46.440016 26.511429
34.946745 -16.434217 -51.365703 -77.513962 -11.844234 -53.813288
-43.076876 -79.485458 -8.554338 -53.807184 -78.594317 -48.893704
74.822230 -71.172216 0.625629 55.925169 61.449019 80.150761
-30.314035 9.756767 26.664022 75.035859 1.327555 2.298044
-22.312082 63.023774 33.341472 -39.109470 10.269478 23.343608
28.543962 -4.379406 98.596149 20.291757 -66.405225 -52.165288