100 4 50 0.1 200 0.7
-61.369671 -83.312479 90.954314 47.819452 23.313089 3.378399
-90.942106 57.823420 -96.172979 -80.297250 18.137150 -38.486892
84.795679 -53.581347 92.040773 88.970611 20.975372 84.173101
-65.977966 -85.119175 -65.111240 25.669118 85.180212 58.281198
-57.402264 3.292947 6.674398 -39.231544 -56.022828 -56.688131
-57.933287 -75.438704 33.664968 57.994324 65.996277 91.503647
88.982818 -93.157750 25.376141 44.334239 91.070284 58.305612
79.503769 11.539048 35.428938 -17.038484 -54.832606 -43.089084
-11.777093 -90.197455 -46.867275 -64.867092 -55.522324 76.476333
22.183905 -5.362102 44.547868 -94.988861 56.993316 8.981597
4.947050 -65.794855 76.104007 -82.024598 -79.992065 39.793085
76.165044 -40.128788 90.356151 -26.102481 -61.162145 -24.277474
34.678182 -45.249794 -13.534959 -32.627338 -59.074679 -61.876278
92.828150 -9.884945 -86.785485 -98.352000 -44.749290 -38.554033
70.659505 -26.792199 34.287545 67.021699 54.441969 -65.178381
-32.810450 -54.857021 -0.680563 -66.905728 -38.486892 -68.932157
-74.156926 -72.423475 -24.973296 -57.768487 9.512619 -91.717277
-11.832026 85.839412 83.141575 13.589892 -24.607074 -30.130924
28.678243 -20.261238 81.542405 -1.022370 14.755699 53.312784
9.567553 36.252937 36.130863 -2.237007 -74.163030 -87.615589
-88.598285 -74.608600 89.263588 -36.741234 -4.886013 -14.059877
-89.526048 77.361370 -39.402448 43.076876 47.404401 34.147160
-90.209662 -29.972228 43.345439 14.755699 -33.811457 95.611438
-86.083560 66.167180 7.321390 31.864376 -10.904263 0.143437
92.889187 14.639729 16.519669 -91.778314 44.859157 -11.740471
32.438124 -26.053652 -64.207892 -34.372997 6.460768 -36.429945
-58.415479 94.933927 -33.616138 76.628925 -85.058138 -35.740226
9.347819 -62.584307 -64.232307 -24.619282 -94.427320 8.822901
-5.178991 -82.152776 -99.084445 9.616382 66.759239 -25.174718
24.527726 16.513565 -71.086764 91.741691 -92.211676 32.303842
-17.960143 -60.911893 20.920438 -98.840297 29.221473 0.698874
-66.710410 -47.434919 69.267861 18.509476 -96.099734 54.893643
60.795923 -74.639119 8.188116 60.100101 -86.730552 96.856594
-92.663350 -79.375591 61.265908 53.605762 66.521195 59.843745
78.124332 45.200964 -71.892453 77.245399 85.387738 46.964934
46.336253 -30.338450 14.139225 0.888089 89.397870 -50.242622
74.553667 32.023072 -84.502701 42.997528 89.916684 71.385846
28.940703 -55.565050 51.335185 16.861476 22.476882 -83.501694
-50.614948 63.206885 -87.646107 8.999908 39.011811 -67.583239
-27.909177 -17.282632 -6.186102 35.813471 -28.617206 17.734306
-93.902402 98.919645 26.328318 -12.259285 -11.154515 80.547502
-32.804346 -18.320261 -64.110233 -82.732627 30.100406 53.849910
-3.445540 -75.505844 -21.347697 83.788568 -79.021577 -14.517655
62.034974 -72.826319 32.438124 -40.556047 -84.411145 -60.972930
-17.215491 40.073855 10.269478 50.364696 47.465438 95.727409
-42.869350 79.631947 -83.904538 -77.550584 73.216956 60.222175
35.129856 41.184729 -85.076449 65.160070 58.604694 -29.654836
-14.670248 -89.629810 63.451033 5.044710 -78.557695 17.709891
85.412152 34.208197 -32.078005 18.936735 32.004761 26.834925
43.278298 -17.935728 -71.416364 -81.383709 4.934843 41.142003
-46.024964 -69.731742 19.388409 -89.165929 21.695608 48.673971
43.687246 67.027802 -36.808374 -97.802667 -75.572985 74.645222
69.304483 -38.572344 -79.302347 44.065676 46.116520 96.478164
-43.021943 97.235023 -58.452101 22.269356 12.460707 24.832911
98.919645 62.883389 -47.129734 15.677358 93.652150 -33.664968
11.197241 39.677114 -90.508744 1.010163 23.435163 -34.501175
-89.580981 64.934233 25.675222 -5.661184 64.482559 39.225440
-81.206702 90.850551 -24.155400 -83.080538 6.961272 -7.339702
-18.680380 -61.516160 -83.837397 79.638050 67.571032 65.135655
99.206519 84.179205 65.263833 21.347697 33.103427 -76.281014
76.451918 37.778863 -84.551531 36.832789 -8.603168 -74.224067
-34.195990 -95.977660 51.091037 14.841151 -61.619922 -65.398114
-88.293100 -15.866573 -47.618030 0.741600 -32.657857 -80.498672
46.110416 0.155644 -12.912381 27.030244 -38.840907 -71.556749
22.898038 -65.465255 -37.022004 42.521439 44.364757 12.240974
3.939940 -3.732414 56.736961 43.723869 35.319071 -70.268868
-41.660817 78.643147 -25.724052 -6.936857 93.743706 -1.760918
-67.766350 86.486404 -41.172521 25.077059 10.776086 97.540208
14.163640 -91.924802 71.410260 16.800439 62.681967 14.291818
-14.627522 13.431196 -51.805170 58.464309 -30.161443 51.676992
30.802332 -98.181097 -83.397931 -70.329905 -4.507584 -48.777734
-80.333872 -78.258614 50.212104 -10.080264 -92.114017 -94.494461
69.676809 -28.757591 -11.069063 -45.072787 -58.952605 6.430250
10.824915 80.693991 67.912839 77.825251 -52.653584 99.090548
88.622700 -91.277810 13.461715 -89.379559 -34.598834 -78.875088
-82.897427 -30.301828 -99.591052 -87.395856 -46.440016 26.511429
34.946745 -16.434217 -51.365703 -77.513962 -11.844234 -53.813288
-43.076876 -79.485458 -8.554338 -53.807184 -78.594317 -48.893704
74.822230 -71.172216 0.625629 55.925169 61.449019 80.150761
-30.314035 9.756767 26.664022 75.035859 1.327555 2.298044
-22.312082 63.023774 33.341472 -39.109470 10.269478 23.343608
28.543962 -4.379406 98.596149 20.291757 -66.405225 -52.165288
-25.437178 -9.738456 42.918180 -76.519059 52.848903 -8.291879
-26.145207 -7.547227 57.847835 -50.840785 -40.476699 -64.812159
-91.113010 22.721030 65.428632 17.807550 -80.162969 34.153264
36.136967 76.976836 69.469283 80.870998 -21.646779 95.818964
-1.290933 -30.954924 -13.492233 -47.904904 91.167943 -2.810755
-82.824183 -80.101932 93.078402 -78.777429 18.643757 6.057924
28.928495 32.627338 21.707816 -97.350993 69.090854 -19.443342
-1.882992 36.710715 -94.409009 69.457076 -7.181005 98.486282
92.419202 63.292337 -63.707389 -70.574053 -93.578906 27.640614
43.223365 -48.728904 -14.700766 40.983306 3.683584 17.276528
98.657186 -93.700980 -26.743370 67.058321 -91.418195 94.396802
68.150884 66.154973 75.994140 50.065615 -28.342540 11.636708
-31.260109 92.406995 -41.758477 84.948271 -71.831416 40.519425
-58.641316 -66.734825 -50.102237 -4.116947 51.463363 -39.310892
-64.525285 12.576678 -49.754326 10.324412 -29.117710 86.657308
-12.466811 -81.261635 -11.709952 -4.080325 6.955168 -76.085696
67.241432 21.347697 -93.298135 7.907346 -68.425550 81.371502
-38.346507 -44.419691 98.278756 -89.666433 13.003937 10.605182