11 2 50 1000 200 0.7
77.578051 35.523545 77.758110 26.429029 33.539842 65.089877
25.034333 91.717277 71.211890 86.840419 49.421674 67.806024
40.699484 48.561052 63.277078 0.476089 6.106754 3.689688
19.022187 44.236579 18.594928 4.654073 91.665395 27.243873
84.170049 12.002930 13.861507 58.589434 4.312265 84.994049
66.676840 68.593402 17.615284 69.261757 79.073458 22.730186
20.462661 47.157201 39.381085 99.826044 95.001068 66.447951
71.761223 75.106052 22.412793 12.906278 80.840480 98.794519
9.710990 42.521439 17.648854 10.806604 8.087405 38.874477
69.975890 82.229072 51.017792 11.346782 30.222480 24.158452
90.215766 99.774163 43.980224 54.570147 57.548753 1.153600